1192492385
-325019461
-857208395
-1094960707
1894062675
-1869363505
1421342968
621702265
1547906146
-756337546
-1835405503
834663046
-1543202057
817434442
-1418827591
353753694
-1854970216
-1285939479
-234369539
-1034765839
1322829450
1646272845
-428297953
-1343125649
1214154734
1981240668
1896862875
-1562920705
796411707
333804760
-1862537763
480509601
-312876641
-1462312495
-1911964635
-1836255094
837709080
-1991042569
-643221401
-1336594767
-1284211691
644044326
570858546
691619582
2077321135
366107383
626352196
907536799
1086119694
-2107867935
1181577729
-1494575301
1818352295
1011207166
2108517568
-2111366804
-1177891764
-156254332
173976861
-721879023
-339023497
192754860
902748857
-160403285
516621699
882278834
-901266121
-1876977139
71898509
1466722992
1600457748
1787668992
-1655863246
496465858
-1836161291
1604320949
2040017521
903095891
-432757176
-843186008
1127396881
1037040542
-1943930367
-364871907
1595962605
-1540716193
-1692036021
-321949651
-714708963
1942436628
516384870
-932119983
-44950680
-663513019
-104907428
66288276
-1247422787
1467490744
-1724848758
896231572
916443474
-579256138
102001632
-1190530640
165119048
-876636481
1612534878
-496547710
-685440659
-173879886
-653391631
506373976
1787500704
1160253412
-453144057
-32421137
-122771378
-48807604
-2008796703
218546530
1461432413
-115149167
-618348645
-1429928718
1115179798
-1183776421
-1962208090
1686317460
-1296742350
715853532
1617046392
-1710622681
601092774
202753692
-317617834
178504515
-2040238287
-1347794143
-1175047101
-1618996057
1305453406
839215374
2027379515
1244892683
796037792
131772205
1613318639
996235386
-488667446
-861707686
-1636479996
-2017240998
-139929435
-1256229426
-759578662
1826862598
-1824434735
1960729664
477236767
-1976797519
-1697083704
-1161916185
1168356557
175828421
1913082258
927702029
234081035
1106240549
1820779441
-1011330162
1436510884
-560580699
281138632
-1709510561
-80015519
380880998
1043779011
-1523434819
1255708230
125565285
-1534933952
2075342252
-1140845725
-1553016689
-1911337399
-556840022
-1463953924
440098053
1823297336
-744045064
139067629
-1206276933
1310408446
2037549893
1189542007
1016433181
1723209862
-2135815392
-296428115
-445010786
1216530287
-2018572755
-1337815890
1687611314
-1774969831
-1129506982
-1655366806
540437604
947567703
202810730
1277784241
-20692215
1694765450
1431717445
-1959302804
311495065
-1892249664
242678759
-1096059493
1791456635
266181000
368301458
-1186080207
899031832
-1794459205
1140652848
1203341143
-719035886
270894504
1393608600
-1967989348
-1615145150
-1253579011
541940778
715094126
-123129947
-670282741
1079372962
1182336603
-1684464400
-65186695
-1303111112
-1989525028
275592569
96966449
380130667
187683833
1923666035
-295440264
-267992890
-1721761178
692531417
1827886948
-2063108927
1760263795
-1040943106
270410123
1486405224
-714305616
628863451
-1627536965
-1070031989
1252667238
674395201
-1509881648
83357548
119420338
811569042
2083373501
1206024280
-1652129318
1207353562
-990961242
70732084
318566151
66079318
-797755525
-1402474958
-574044748
-1399009878
-2064892355
2081610667
-456429943
-1588413703
405166598
-1370161917
1345748379
-1135720696
-2048035967
1137828148
153429694
-1543202057
817434442
680658257
-1917529252
-1813994850
1669008126
826280730
745841560
-1001247131
1077568664
930950264
1248644267
541386789
-2090404124
1389486404
1510496107
-1625692450
-303244493
-1542209608
-1397665682
441571739
1195011900
-1303042736
-1960115004
-1450166191
2141678077
-1503490649
1428366723
2083122313
-388465217
382319881
-1752232564
1924066857
1031667662
-1044295245
-1663044529
-1102195122
-343859200
-1710622681
1312218845
1486405224
-1040943106
1760263795
-714305616
-519084720
-625395808
743100420
1300667491
197053860
-1111125742
-969460614
1382709959
-650676156
697061566
2036657948
461991033
44006517
-1108059468
838462954
307582975
-904115865
-277784383
-872386271
-280297119
1986254813
1009872693
-1463859765
-81030157
1427989602
-1656272477
-1884908428
1438698018
751918804
-1469148312
-327010237
-2073257403
141931059
-587682768
1946589789
-406525844
1344413689
178999196
502521501
-481674247
501539928
-1424760150
-712470293
-1235127498
2073062894
-1474394868
-545298787
1466722992
-773102990
-1076425568
-113401394
2040017521
903095891
689968369
-1285364667
-843186008
1619966717
1342531144
-2021130652
1595962605
1323166377
421077902
-1067410443
-1623743707
1388777040
-2078225932
-2138920010
157133397
-677382518
-176523353
-444508734
929697265
-321949651
-970561421
-714708963
1561229661
1632545478
1200649019
-1605721964
1117545808
-142866132
2130457448
1176419367
1032348612
337308166
790562908
-2136621607
2076184781
884662788
-210234051
-1408594982
1881397479
-305932082
1205155954
1672058780
1150414239
1068498104
-229905651
-2137800044
-136566083
1537730877
-429834829
-253717549
-128753418
-1177074184
-2063108927
-1826182119
-1844800993
-1335204971
270410123
83592650
1020638274
-876636481
-1284865234
-367331648
679403291
917582962
1638781629
-71688016
-1384349654
-1183747634
-31850838
-97280483
934130629
-1706644880
-1432397421
-1208817909
-870342061
2076042450
-1050299133
-623901687
628863451
1487835092
-83432993
-2110511284
-446371099
-2079442186
-811927183
-1325213079
-290264766
-1232077584
-2015883653
-1640932597
-1524879392
-1392047626
-1203649573
-361685979
1393440247
907089280
-203479522
-1050539021
-1627536965
450311866
-1236430900
-710333387
-2008796703
1173910627
-959639480
-377992175
2062851349
-1486088510
-545756814
1265834162
1253719868
475585291
-1751591606
-1971010509
1867332085
493309307
-114837262
-924405150
-2010456407
632318597
1371537480
20234802
-877974872
469958247
358098145
-1799721507
666660717
-1957504218
1400193912
2013333992
1569365522
706279833
702761861
935577899
-875646025
935577899
-559749912
-1208206952
-159165141
-363908900
-1070031989
-1437858852
1252667238
-85783770
-1338701993
674395201
1509108443
-1509881648
83357548
119420338
-519088785
-1171883650
-1286760355
1092036698
811569042
2083373501
1654472064
-984701052
-1294882187
546888386
-284497344
-216056752
-365559177
1839893875
995999308
1966777307
-953370980
-1984467762
430591189
-30266882
-543703022
1516178672
-826473939
-870494656
-2098714702
1206024280
-1652129318
1207353562
-990961242
70732084
318566151
-271416545
839215374
2027379515
-1268553415
1244892683
772020550
131772205
-637381125
1613318639
-406346775
-488667446
-861707686
1882723547
-1325679458
-2017240998
397247165
-227411310
-720703223
-512688824
1430358465
171781226
-1598253533
-1824434735
1960729664
477236767
-1976797519
165010900
-1161916185
1168356557
175828421
927702029
234081035
1082509181
-727048735
1106240549
341370716
1872623011
-1011330162
89488234
-1423055009
-1341476884
1909990502
281138632
2032759491
-1709510561
-1686596514
1119135536
1479566550
-1606608744
-2117741506
-1260438603
1442196489
-404597081
1664751640
1013304619
642226777
-414169527
-1670275813
-2097215442
2069580041
1680026475
-1611857014
-579972333
-1912526094
-1933386068
389948681
-729029202
-1520936706
-717453909
-925024711
-12865140
-504694699
-1051684294
1721253871
-80015519
380880998
1043779011
-2058526723
1223107936
-1660350439
353346415
125565285
-1534933952
2075342252
-1418827591
1157761258
-525217844
-1911337399
1187179809
611237835
-41376087
-1027551127
-1695334230
-1614401439
-1460770941
-1523012454
-955005528
1837663432
1989463996
-2101114699
-1405570847
513205972
-667809482
549420804
-2138801618
-1166956309
-1236205283
-156097690
-1370563696
-1375567396
1175165877
1069936471
-1477045043
89981957
1918830310
-2030394514
-590008853
-2130244814
-947379060
1621674393
-1214135157
551430342
1108150296
404440998
181738256
1930618879
-2087628960
-1337815890
-1575925266
-2010288662
202810730
-199828214
-29250223
2095219126
-1574256858
1759992193
608037352
-15691939
-1677158529
271718295
-1439993610
-1539314301
-1651690761
238997851
1678329700
242678759
-22039298
852878884
-1096059493
483783884
-1523364387
-497411290
-171595837
266181000
-1221841093
1186718171
368301458
386736931
-1116496253
893907430
575623579
681531053
1185525598
1526422
-450220416
1474989981
-1233672745
63359017
-1167235188
-655640658
-453797631
1829110416
-922537114
-937977177
-538473968
-162475374
1261109500
66079318
2093656929
1363279979
-945366715
605798108
905067190
506699922
-2118477492
-797755525
-1034485380
1183299846
1562578683
-1402474958
1553789668
-574044748
765106254
1945628549
-1399009878
-8323240
-1919249509
-2064892355
-298483350
1242110166
2081610667
-1289294193
-1297572575
-456429943
-61321076
1436259947
482279883
-1097011584
-390655318
1518104470
-1562915417
-433031067
1941520624
1035607568
-310946464
600196406
899881940
-399709652
602797340
981568926
-1224408322
-1097316489
270112867
-314350246
-764261749
-503154603
1796926414
202179104
797946814
-565252027
-542018441
-1299822886
-1269243457
-93839401
-1301733363
-1824118916
-691229351
-1775788934
431249808
-1050653304
1029030933
170511201
-1757240687
-363335129
-140938908
1230290873
2114561195
-1053699335
167991323
-1668811879
-1270898623
1656289844
-2110852657
-2113586655
-271804817
-880177555
-277341349
-930539623
-536722486
-1978105568
585399729
1390800737
-189209924
-347604871
696053479
775771743
-1303412436
-1088689987
1867518987
902061395
1740078919
-1191126477
-1182430871
474756257
-1886047348
-83862956
1253706494
-1091155981
-1838155742
-1571562355
-500618130
